0.000000	1.000000	0.000000
0.001000	1.001001	0.001001
0.002000	1.002002	0.002002
0.003000	1.003005	0.003005
0.004000	1.004008	0.004008
0.005000	1.005013	0.005013
0.006000	1.006018	0.006018
0.007000	1.007025	0.007025
0.008000	1.008032	0.008032
0.009000	1.009041	0.009041
0.010000	1.010050	0.010050
0.011000	1.011061	0.011061
0.012000	1.012072	0.012072
0.013000	1.013085	0.013085
0.014000	1.014098	0.014098
0.015000	1.015113	0.015113
0.016000	1.016129	0.016129
0.017000	1.017145	0.017145
0.018000	1.018163	0.018163
0.019000	1.019182	0.019182
0.020000	1.020201	0.020201
0.021000	1.021222	0.021222
0.022000	1.022244	0.022244
0.023000	1.023267	0.023267
0.024000	1.024290	0.024290
0.025000	1.025315	0.025315
0.026000	1.026341	0.026341
0.027000	1.027368	0.027368
0.028000	1.028396	0.028396
0.029000	1.029425	0.029425
0.030000	1.030455	0.030455
0.031000	1.031486	0.031486
0.032000	1.032518	0.032518
0.033000	1.033551	0.033551
0.034000	1.034585	0.034585
0.035000	1.035620	0.035620
0.036000	1.036656	0.036656
0.037000	1.037693	0.037693
0.038000	1.038731	0.038731
0.039000	1.039770	0.039770
0.040000	1.040811	0.040811
0.041000	1.041852	0.041852
0.042000	1.042894	0.042894
0.043000	1.043938	0.043938
0.044000	1.044982	0.044982
0.045000	1.046028	0.046028
0.046000	1.047074	0.047074
0.047000	1.048122	0.048122
0.048000	1.049171	0.049171
0.049000	1.050220	0.050220
0.050000	1.051271	0.051271
0.051000	1.052323	0.052323
0.052000	1.053376	0.053376
0.053000	1.054430	0.054430
0.054000	1.055485	0.055485
0.055000	1.056541	0.056541
0.056000	1.057598	0.057598
0.057000	1.058656	0.058656
0.058000	1.059715	0.059715
0.059000	1.060775	0.060775
0.060000	1.061837	0.061837
0.061000	1.062899	0.062899
0.062000	1.063962	0.063962
0.063000	1.065027	0.065027
0.064000	1.066092	0.066092
0.065000	1.067159	0.067159
0.066000	1.068227	0.068227
0.067000	1.069295	0.069295
0.068000	1.070365	0.070365
0.069000	1.071436	0.071436
0.070000	1.072508	0.072508
0.071000	1.073581	0.073581
0.072000	1.074655	0.074655
0.073000	1.075731	0.075731
0.074000	1.076807	0.076807
0.075000	1.077884	0.077884
0.076000	1.078963	0.078963
0.077000	1.080042	0.080042
0.078000	1.081123	0.081123
0.079000	1.082204	0.082204
0.080000	1.083287	0.083287
0.081000	1.084371	0.084371
0.082000	1.085456	0.085456
0.083000	1.086542	0.086542
0.084000	1.087629	0.087629
0.085000	1.088717	0.088717
0.086000	1.089806	0.089806
0.087000	1.090897	0.090897
0.088000	1.091988	0.091988
0.089000	1.093081	0.093081
0.090000	1.094174	0.094174
0.091000	1.095269	0.095269
0.092000	1.096365	0.096365
0.093000	1.097462	0.097462
0.094000	1.098560	0.098560
0.095000	1.099659	0.099659
0.096000	1.100759	0.100759
0.097000	1.101860	0.101860
0.098000	1.102963	0.102963
0.099000	1.104066	0.104066
0.100000	1.105171	0.105171
0.101000	1.106277	0.106277
0.102000	1.107383	0.107383
0.103000	1.108491	0.108491
0.104000	1.109600	0.109600
0.105000	1.110711	0.110711
0.106000	1.111822	0.111822
0.107000	1.112934	0.112934
0.108000	1.114048	0.114048
0.109000	1.115162	0.115162
0.110000	1.116278	0.116278
0.111000	1.117395	0.117395
0.112000	1.118513	0.118513
0.113000	1.119632	0.119632
0.114000	1.120752	0.120752
0.115000	1.121873	0.121873
0.116000	1.122996	0.122996
0.117000	1.124119	0.124119
0.118000	1.125244	0.125244
0.119000	1.126370	0.126370
0.120000	1.127497	0.127497
0.121000	1.128625	0.128625
0.122000	1.129754	0.129754
0.123000	1.130884	0.130884
0.124000	1.132016	0.132016
0.125000	1.133148	0.133148
0.126000	1.134282	0.134282
0.127000	1.135417	0.135417
0.128000	1.136553	0.136553
0.129000	1.137690	0.137690
0.130000	1.138828	0.138828
0.131000	1.139968	0.139968
0.132000	1.141108	0.141108
0.133000	1.142250	0.142250
0.134000	1.143393	0.143393
0.135000	1.144537	0.144537
0.136000	1.145682	0.145682
0.137000	1.146828	0.146828
0.138000	1.147976	0.147976
0.139000	1.149124	0.149124
0.140000	1.150274	0.150274
0.141000	1.151425	0.151425
0.142000	1.152577	0.152577
0.143000	1.153730	0.153730
0.144000	1.154884	0.154884
0.145000	1.156040	0.156040
0.146000	1.157196	0.157196
0.147000	1.158354	0.158354
0.148000	1.159513	0.159513
0.149000	1.160673	0.160673
0.150000	1.161834	0.161834
0.151000	1.162997	0.162997
0.152000	1.164160	0.164160
0.153000	1.165325	0.165325
0.154000	1.166491	0.166491
0.155000	1.167658	0.167658
0.156000	1.168826	0.168826
0.157000	1.169996	0.169996
0.158000	1.171166	0.171166
0.159000	1.172338	0.172338
0.160000	1.173511	0.173511
0.161000	1.174685	0.174685
0.162000	1.175860	0.175860
0.163000	1.177037	0.177037
0.164000	1.178214	0.178214
0.165000	1.179393	0.179393
0.166000	1.180573	0.180573
0.167000	1.181754	0.181754
0.168000	1.182937	0.182937
0.169000	1.184120	0.184120
0.170000	1.185305	0.185305
0.171000	1.186491	0.186491
0.172000	1.187678	0.187678
0.173000	1.188866	0.188866
0.174000	1.190056	0.190056
0.175000	1.191246	0.191246
0.176000	1.192438	0.192438
0.177000	1.193631	0.193631
0.178000	1.194825	0.194825
0.179000	1.196021	0.196021
0.180000	1.197217	0.197217
0.181000	1.198415	0.198415
0.182000	1.199614	0.199614
0.183000	1.200814	0.200814
0.184000	1.202016	0.202016
0.185000	1.203218	0.203218
0.186000	1.204422	0.204422
0.187000	1.205627	0.205627
0.188000	1.206834	0.206834
0.189000	1.208041	0.208041
0.190000	1.209250	0.209250
0.191000	1.210459	0.210459
0.192000	1.211671	0.211671
0.193000	1.212883	0.212883
0.194000	1.214096	0.214096
0.195000	1.215311	0.215311
0.196000	1.216527	0.216527
0.197000	1.217744	0.217744
0.198000	1.218962	0.218962
0.199000	1.220182	0.220182
0.200000	1.221403	0.221403
0.201000	1.222625	0.222625
0.202000	1.223848	0.223848
0.203000	1.225072	0.225072
0.204000	1.226298	0.226298
0.205000	1.227525	0.227525
0.206000	1.228753	0.228753
0.207000	1.229983	0.229983
0.208000	1.231213	0.231213
0.209000	1.232445	0.232445
0.210000	1.233678	0.233678
0.211000	1.234912	0.234912
0.212000	1.236148	0.236148
0.213000	1.237385	0.237385
0.214000	1.238623	0.238623
0.215000	1.239862	0.239862
0.216000	1.241102	0.241102
0.217000	1.242344	0.242344
0.218000	1.243587	0.243587
0.219000	1.244831	0.244831
0.220000	1.246077	0.246077
0.221000	1.247323	0.247323
0.222000	1.248571	0.248571
0.223000	1.249821	0.249821
0.224000	1.251071	0.251071
0.225000	1.252323	0.252323
0.226000	1.253576	0.253576
0.227000	1.254830	0.254830
0.228000	1.256085	0.256085
0.229000	1.257342	0.257342
0.230000	1.258600	0.258600
0.231000	1.259859	0.259859
0.232000	1.261120	0.261120
0.233000	1.262381	0.262381
0.234000	1.263644	0.263644
0.235000	1.264909	0.264909
0.236000	1.266174	0.266174
0.237000	1.267441	0.267441
0.238000	1.268709	0.268709
0.239000	1.269979	0.269979
0.240000	1.271249	0.271249
0.241000	1.272521	0.272521
0.242000	1.273794	0.273794
0.243000	1.275069	0.275069
0.244000	1.276344	0.276344
0.245000	1.277621	0.277621
0.246000	1.278900	0.278900
0.247000	1.280179	0.280179
0.248000	1.281460	0.281460
0.249000	1.282742	0.282742
0.250000	1.284025	0.284025
0.251000	1.285310	0.285310
0.252000	1.286596	0.286596
0.253000	1.287883	0.287883
0.254000	1.289172	0.289172
0.255000	1.290462	0.290462
0.256000	1.291753	0.291753
0.257000	1.293045	0.293045
0.258000	1.294339	0.294339
0.259000	1.295634	0.295634
0.260000	1.296930	0.296930
0.261000	1.298228	0.298228
0.262000	1.299527	0.299527
0.263000	1.300827	0.300827
0.264000	1.302128	0.302128
0.265000	1.303431	0.303431
0.266000	1.304735	0.304735
0.267000	1.306040	0.306040
0.268000	1.307347	0.307347
0.269000	1.308655	0.308655
0.270000	1.309964	0.309964
0.271000	1.311275	0.311275
0.272000	1.312587	0.312587
0.273000	1.313900	0.313900
0.274000	1.315215	0.315215
0.275000	1.316531	0.316531
0.276000	1.317848	0.317848
0.277000	1.319166	0.319166
0.278000	1.320486	0.320486
0.279000	1.321807	0.321807
0.280000	1.323130	0.323130
0.281000	1.324454	0.324454
0.282000	1.325779	0.325779
0.283000	1.327105	0.327105
0.284000	1.328433	0.328433
0.285000	1.329762	0.329762
0.286000	1.331092	0.331092
0.287000	1.332424	0.332424
0.288000	1.333757	0.333757
0.289000	1.335092	0.335092
0.290000	1.336427	0.336427
0.291000	1.337765	0.337765
0.292000	1.339103	0.339103
0.293000	1.340443	0.340443
0.294000	1.341784	0.341784
0.295000	1.343126	0.343126
0.296000	1.344470	0.344470
0.297000	1.345815	0.345815
0.298000	1.347162	0.347162
0.299000	1.348510	0.348510
0.300000	1.349859	0.349859
0.301000	1.351209	0.351209
0.302000	1.352561	0.352561
0.303000	1.353914	0.353914
0.304000	1.355269	0.355269
0.305000	1.356625	0.356625
0.306000	1.357982	0.357982
0.307000	1.359341	0.359341
0.308000	1.360701	0.360701
0.309000	1.362062	0.362062
0.310000	1.363425	0.363425
0.311000	1.364789	0.364789
0.312000	1.366155	0.366155
0.313000	1.367522	0.367522
0.314000	1.368890	0.368890
0.315000	1.370259	0.370259
0.316000	1.371630	0.371630
0.317000	1.373003	0.373003
0.318000	1.374376	0.374376
0.319000	1.375751	0.375751
0.320000	1.377128	0.377128
0.321000	1.378506	0.378506
0.322000	1.379885	0.379885
0.323000	1.381265	0.381265
0.324000	1.382647	0.382647
0.325000	1.384031	0.384031
0.326000	1.385415	0.385415
0.327000	1.386801	0.386801
0.328000	1.388189	0.388189
0.329000	1.389578	0.389578
0.330000	1.390968	0.390968
0.331000	1.392360	0.392360
0.332000	1.393753	0.393753
0.333000	1.395147	0.395147
0.334000	1.396543	0.396543
0.335000	1.397940	0.397940
0.336000	1.399339	0.399339
0.337000	1.400739	0.400739
0.338000	1.402141	0.402140
0.339000	1.403543	0.403543
0.340000	1.404948	0.404948
0.341000	1.406353	0.406353
0.342000	1.407760	0.407760
0.343000	1.409169	0.409169
0.344000	1.410579	0.410579
0.345000	1.411990	0.411990
0.346000	1.413403	0.413403
0.347000	1.414817	0.414817
0.348000	1.416232	0.416232
0.349000	1.417649	0.417649
0.350000	1.419068	0.419068
0.351000	1.420487	0.420487
0.352000	1.421909	0.421909
0.353000	1.423331	0.423331
0.354000	1.424755	0.424755
0.355000	1.426181	0.426181
0.356000	1.427608	0.427608
0.357000	1.429036	0.429036
0.358000	1.430466	0.430466
0.359000	1.431897	0.431897
0.360000	1.433329	0.433329
0.361000	1.434763	0.434763
0.362000	1.436199	0.436199
0.363000	1.437636	0.437636
0.364000	1.439074	0.439074
0.365000	1.440514	0.440514
0.366000	1.441955	0.441955
0.367000	1.443398	0.443398
0.368000	1.444842	0.444842
0.369000	1.446288	0.446288
0.370000	1.447735	0.447735
0.371000	1.449183	0.449183
0.372000	1.450633	0.450633
0.373000	1.452084	0.452084
0.374000	1.453537	0.453537
0.375000	1.454991	0.454991
0.376000	1.456447	0.456447
0.377000	1.457904	0.457904
0.378000	1.459363	0.459363
0.379000	1.460823	0.460823
0.380000	1.462285	0.462285
0.381000	1.463748	0.463748
0.382000	1.465212	0.465212
0.383000	1.466678	0.466678
0.384000	1.468145	0.468145
0.385000	1.469614	0.469614
0.386000	1.471085	0.471085
0.387000	1.472556	0.472556
0.388000	1.474030	0.474030
0.389000	1.475505	0.475505
0.390000	1.476981	0.476981
0.391000	1.478459	0.478458
0.392000	1.479938	0.479938
0.393000	1.481418	0.481418
0.394000	1.482901	0.482901
0.395000	1.484384	0.484384
0.396000	1.485869	0.485869
0.397000	1.487356	0.487356
0.398000	1.488844	0.488844
0.399000	1.490334	0.490334
0.400000	1.491825	0.491825
0.401000	1.493317	0.493317
0.402000	1.494811	0.494811
0.403000	1.496307	0.496307
0.404000	1.497804	0.497804
0.405000	1.499303	0.499302
0.406000	1.500803	0.500803
0.407000	1.502304	0.502304
0.408000	1.503807	0.503807
0.409000	1.505312	0.505312
0.410000	1.506818	0.506818
0.411000	1.508325	0.508325
0.412000	1.509834	0.509834
0.413000	1.511345	0.511345
0.414000	1.512857	0.512857
0.415000	1.514371	0.514371
0.416000	1.515886	0.515886
0.417000	1.517403	0.517402
0.418000	1.518921	0.518921
0.419000	1.520440	0.520440
0.420000	1.521962	0.521962
0.421000	1.523484	0.523484
0.422000	1.525009	0.525009
0.423000	1.526534	0.526534
0.424000	1.528062	0.528062
0.425000	1.529590	0.529590
0.426000	1.531121	0.531121
0.427000	1.532653	0.532653
0.428000	1.534186	0.534186
0.429000	1.535721	0.535721
0.430000	1.537258	0.537258
0.431000	1.538796	0.538796
0.432000	1.540335	0.540335
0.433000	1.541876	0.541876
0.434000	1.543419	0.543419
0.435000	1.544963	0.544963
0.436000	1.546509	0.546509
0.437000	1.548056	0.548056
0.438000	1.549605	0.549605
0.439000	1.551155	0.551155
0.440000	1.552707	0.552707
0.441000	1.554261	0.554261
0.442000	1.555816	0.555816
0.443000	1.557372	0.557372
0.444000	1.558930	0.558930
0.445000	1.560490	0.560490
0.446000	1.562051	0.562051
0.447000	1.563614	0.563614
0.448000	1.565179	0.565179
0.449000	1.566745	0.566745
0.450000	1.568312	0.568312
0.451000	1.569881	0.569881
0.452000	1.571452	0.571452
0.453000	1.573024	0.573024
0.454000	1.574598	0.574598
0.455000	1.576173	0.576173
0.456000	1.577750	0.577750
0.457000	1.579329	0.579329
0.458000	1.580909	0.580909
0.459000	1.582491	0.582491
0.460000	1.584074	0.584074
0.461000	1.585659	0.585659
0.462000	1.587245	0.587245
0.463000	1.588833	0.588833
0.464000	1.590423	0.590423
0.465000	1.592014	0.592014
0.466000	1.593607	0.593607
0.467000	1.595201	0.595201
0.468000	1.596797	0.596797
0.469000	1.598395	0.598395
0.470000	1.599994	0.599994
0.471000	1.601595	0.601595
0.472000	1.603197	0.603197
0.473000	1.604801	0.604801
0.474000	1.606407	0.606407
0.475000	1.608014	0.608014
0.476000	1.609623	0.609623
0.477000	1.611233	0.611233
0.478000	1.612845	0.612845
0.479000	1.614459	0.614459
0.480000	1.616074	0.616074
0.481000	1.617691	0.617691
0.482000	1.619310	0.619310
0.483000	1.620930	0.620930
0.484000	1.622552	0.622552
0.485000	1.624175	0.624175
0.486000	1.625800	0.625800
0.487000	1.627427	0.627427
0.488000	1.629055	0.629055
0.489000	1.630685	0.630685
0.490000	1.632316	0.632316
0.491000	1.633949	0.633949
0.492000	1.635584	0.635584
0.493000	1.637221	0.637220
0.494000	1.638859	0.638859
0.495000	1.640498	0.640498
0.496000	1.642140	0.642140
0.497000	1.643783	0.643782
0.498000	1.645427	0.645427
0.499000	1.647073	0.647073
0.500000	1.648721	0.648721
0.501000	1.650371	0.650371
0.502000	1.652022	0.652022
0.503000	1.653675	0.653675
0.504000	1.655329	0.655329
0.505000	1.656986	0.656985
0.506000	1.658643	0.658643
0.507000	1.660303	0.660303
0.508000	1.661964	0.661964
0.509000	1.663627	0.663627
0.510000	1.665291	0.665291
0.511000	1.666957	0.666957
0.512000	1.668625	0.668625
0.513000	1.670295	0.670295
0.514000	1.671966	0.671966
0.515000	1.673639	0.673638
0.516000	1.675313	0.675313
0.517000	1.676989	0.676989
0.518000	1.678667	0.678667
0.519000	1.680346	0.680346
0.520000	1.682028	0.682028
0.521000	1.683711	0.683710
0.522000	1.685395	0.685395
0.523000	1.687081	0.687081
0.524000	1.688769	0.688769
0.525000	1.690459	0.690459
0.526000	1.692150	0.692150
0.527000	1.693843	0.693843
0.528000	1.695538	0.695538
0.529000	1.697234	0.697234
0.530000	1.698932	0.698932
0.531000	1.700632	0.700632
0.532000	1.702334	0.702334
0.533000	1.704037	0.704037
0.534000	1.705742	0.705742
0.535000	1.707448	0.707448
0.536000	1.709157	0.709157
0.537000	1.710867	0.710867
0.538000	1.712578	0.712578
0.539000	1.714292	0.714292
0.540000	1.716007	0.716007
0.541000	1.717724	0.717724
0.542000	1.719442	0.719442
0.543000	1.721163	0.721163
0.544000	1.722885	0.722885
0.545000	1.724608	0.724608
0.546000	1.726334	0.726334
0.547000	1.728061	0.728061
0.548000	1.729790	0.729790
0.549000	1.731521	0.731521
0.550000	1.733253	0.733253
0.551000	1.734987	0.734987
0.552000	1.736723	0.736723
0.553000	1.738461	0.738461
0.554000	1.740200	0.740200
0.555000	1.741941	0.741941
0.556000	1.743684	0.743684
0.557000	1.745428	0.745428
0.558000	1.747175	0.747175
0.559000	1.748923	0.748923
0.560000	1.750673	0.750672
0.561000	1.752424	0.752424
0.562000	1.754177	0.754177
0.563000	1.755932	0.755932
0.564000	1.757689	0.757689
0.565000	1.759448	0.759448
0.566000	1.761208	0.761208
0.567000	1.762970	0.762970
0.568000	1.764734	0.764734
0.569000	1.766500	0.766500
0.570000	1.768267	0.768267
0.571000	1.770036	0.770036
0.572000	1.771807	0.771807
0.573000	1.773580	0.773580
0.574000	1.775354	0.775354
0.575000	1.777131	0.777130
0.576000	1.778909	0.778909
0.577000	1.780688	0.780688
0.578000	1.782470	0.782470
0.579000	1.784253	0.784253
0.580000	1.786038	0.786038
0.581000	1.787825	0.787825
0.582000	1.789614	0.789614
0.583000	1.791405	0.791405
0.584000	1.793197	0.793197
0.585000	1.794991	0.794991
0.586000	1.796787	0.796787
0.587000	1.798585	0.798585
0.588000	1.800384	0.800384
0.589000	1.802185	0.802185
0.590000	1.803988	0.803988
0.591000	1.805793	0.805793
0.592000	1.807600	0.807600
0.593000	1.809409	0.809408
0.594000	1.811219	0.811219
0.595000	1.813031	0.813031
0.596000	1.814845	0.814845
0.597000	1.816661	0.816661
0.598000	1.818478	0.818478
0.599000	1.820298	0.820298
0.600000	1.822119	0.822119
0.601000	1.823942	0.823942
0.602000	1.825767	0.825767
0.603000	1.827593	0.827593
0.604000	1.829422	0.829422
0.605000	1.831252	0.831252
0.606000	1.833084	0.833084
0.607000	1.834918	0.834918
0.608000	1.836754	0.836754
0.609000	1.838592	0.838592
0.610000	1.840431	0.840431
0.611000	1.842273	0.842273
0.612000	1.844116	0.844116
0.613000	1.845961	0.845961
0.614000	1.847808	0.847808
0.615000	1.849657	0.849657
0.616000	1.851507	0.851507
0.617000	1.853360	0.853360
0.618000	1.855214	0.855214
0.619000	1.857070	0.857070
0.620000	1.858928	0.858928
0.621000	1.860788	0.860788
0.622000	1.862650	0.862650
0.623000	1.864513	0.864513
0.624000	1.866379	0.866379
0.625000	1.868246	0.868246
0.626000	1.870115	0.870115
0.627000	1.871986	0.871986
0.628000	1.873859	0.873859
0.629000	1.875734	0.875734
0.630000	1.877611	0.877611
0.631000	1.879489	0.879489
0.632000	1.881370	0.881370
0.633000	1.883252	0.883252
0.634000	1.885136	0.885136
0.635000	1.887022	0.887022
0.636000	1.888910	0.888910
0.637000	1.890800	0.890800
0.638000	1.892692	0.892692
0.639000	1.894585	0.894585
0.640000	1.896481	0.896481
0.641000	1.898378	0.898378
0.642000	1.900278	0.900278
0.643000	1.902179	0.902179
0.644000	1.904082	0.904082
0.645000	1.905987	0.905987
0.646000	1.907894	0.907894
0.647000	1.909803	0.909803
0.648000	1.911714	0.911714
0.649000	1.913626	0.913626
0.650000	1.915541	0.915541
0.651000	1.917457	0.917457
0.652000	1.919376	0.919376
0.653000	1.921296	0.921296
0.654000	1.923218	0.923218
0.655000	1.925143	0.925142
0.656000	1.927069	0.927069
0.657000	1.928997	0.928997
0.658000	1.930927	0.930927
0.659000	1.932859	0.932858
0.660000	1.934792	0.934792
0.661000	1.936728	0.936728
0.662000	1.938666	0.938666
0.663000	1.940605	0.940605
0.664000	1.942547	0.942547
0.665000	1.944491	0.944490
0.666000	1.946436	0.946436
0.667000	1.948383	0.948383
0.668000	1.950333	0.950333
0.669000	1.952284	0.952284
0.670000	1.954237	0.954237
0.671000	1.956193	0.956192
0.672000	1.958150	0.958150
0.673000	1.960109	0.960109
0.674000	1.962070	0.962070
0.675000	1.964033	0.964033
0.676000	1.965998	0.965998
0.677000	1.967965	0.967965
0.678000	1.969934	0.969934
0.679000	1.971905	0.971905
0.680000	1.973878	0.973878
0.681000	1.975853	0.975853
0.682000	1.977829	0.977829
0.683000	1.979808	0.979808
0.684000	1.981789	0.981789
0.685000	1.983772	0.983772
0.686000	1.985757	0.985757
0.687000	1.987743	0.987743
0.688000	1.989732	0.989732
0.689000	1.991723	0.991723
0.690000	1.993716	0.993715
0.691000	1.995710	0.995710
0.692000	1.997707	0.997707
0.693000	1.999706	0.999706
0.694000	2.001706	1.001706
0.695000	2.003709	1.003709
0.696000	2.005714	1.005714
0.697000	2.007721	1.007720
0.698000	2.009729	1.009729
0.699000	2.011740	1.011740
0.700000	2.013753	1.013753
0.701000	2.015767	1.015767
0.702000	2.017784	1.017784
0.703000	2.019803	1.019803
0.704000	2.021824	1.021824
0.705000	2.023847	1.023847
0.706000	2.025872	1.025872
0.707000	2.027898	1.027898
0.708000	2.029927	1.029927
0.709000	2.031958	1.031958
0.710000	2.033991	1.033991
0.711000	2.036026	1.036026
0.712000	2.038063	1.038063
0.713000	2.040102	1.040102
0.714000	2.042144	1.042143
0.715000	2.044187	1.044187
0.716000	2.046232	1.046232
0.717000	2.048279	1.048279
0.718000	2.050328	1.050328
0.719000	2.052380	1.052380
0.720000	2.054433	1.054433
0.721000	2.056489	1.056489
0.722000	2.058546	1.058546
0.723000	2.060606	1.060606
0.724000	2.062667	1.062667
0.725000	2.064731	1.064731
0.726000	2.066797	1.066797
0.727000	2.068865	1.068865
0.728000	2.070935	1.070935
0.729000	2.073007	1.073007
0.730000	2.075081	1.075081
0.731000	2.077157	1.077157
0.732000	2.079235	1.079235
0.733000	2.081315	1.081315
0.734000	2.083398	1.083398
0.735000	2.085482	1.085482
0.736000	2.087569	1.087568
0.737000	2.089657	1.089657
0.738000	2.091748	1.091748
0.739000	2.093841	1.093841
0.740000	2.095936	1.095935
0.741000	2.098032	1.098032
0.742000	2.100132	1.100132
0.743000	2.102233	1.102233
0.744000	2.104336	1.104336
0.745000	2.106441	1.106441
0.746000	2.108549	1.108549
0.747000	2.110659	1.110658
0.748000	2.112770	1.112770
0.749000	2.114884	1.114884
0.750000	2.117000	1.117000
0.751000	2.119118	1.119118
0.752000	2.121238	1.121238
0.753000	2.123361	1.123361
0.754000	2.125485	1.125485
0.755000	2.127612	1.127611
0.756000	2.129740	1.129740
0.757000	2.131871	1.131871
0.758000	2.134004	1.134004
0.759000	2.136139	1.136139
0.760000	2.138276	1.138276
0.761000	2.140416	1.140416
0.762000	2.142557	1.142557
0.763000	2.144701	1.144701
0.764000	2.146846	1.146846
0.765000	2.148994	1.148994
0.766000	2.151144	1.151144
0.767000	2.153297	1.153297
0.768000	2.155451	1.155451
0.769000	2.157608	1.157608
0.770000	2.159766	1.159766
0.771000	2.161927	1.161927
0.772000	2.164090	1.164090
0.773000	2.166255	1.166255
0.774000	2.168423	1.168423
0.775000	2.170592	1.170592
0.776000	2.172764	1.172764
0.777000	2.174938	1.174938
0.778000	2.177114	1.177114
0.779000	2.179292	1.179292
0.780000	2.181472	1.181472
0.781000	2.183655	1.183655
0.782000	2.185840	1.185840
0.783000	2.188027	1.188026
0.784000	2.190216	1.190216
0.785000	2.192407	1.192407
0.786000	2.194600	1.194600
0.787000	2.196796	1.196796
0.788000	2.198994	1.198994
0.789000	2.201194	1.201194
0.790000	2.203396	1.203396
0.791000	2.205601	1.205601
0.792000	2.207808	1.207808
0.793000	2.210017	1.210016
0.794000	2.212228	1.212228
0.795000	2.214441	1.214441
0.796000	2.216657	1.216656
0.797000	2.218874	1.218874
0.798000	2.221094	1.221094
0.799000	2.223316	1.223316
0.800000	2.225541	1.225541
0.801000	2.227768	1.227768
0.802000	2.229996	1.229996
0.803000	2.232228	1.232228
0.804000	2.234461	1.234461
0.805000	2.236696	1.236696
0.806000	2.238934	1.238934
0.807000	2.241174	1.241174
0.808000	2.243417	1.243417
0.809000	2.245661	1.245661
0.810000	2.247908	1.247908
0.811000	2.250157	1.250157
0.812000	2.252408	1.252408
0.813000	2.254662	1.254662
0.814000	2.256918	1.256918
0.815000	2.259176	1.259176
0.816000	2.261436	1.261436
0.817000	2.263699	1.263698
0.818000	2.265963	1.265963
0.819000	2.268230	1.268230
0.820000	2.270500	1.270500
0.821000	2.272771	1.272771
0.822000	2.275045	1.275045
0.823000	2.277322	1.277322
0.824000	2.279600	1.279600
0.825000	2.281881	1.281881
0.826000	2.284164	1.284164
0.827000	2.286449	1.286449
0.828000	2.288737	1.288737
0.829000	2.291027	1.291027
0.830000	2.293319	1.293319
0.831000	2.295613	1.295613
0.832000	2.297910	1.297910
0.833000	2.300209	1.300209
0.834000	2.302510	1.302510
0.835000	2.304814	1.304814
0.836000	2.307120	1.307120
0.837000	2.309428	1.309428
0.838000	2.311739	1.311739
0.839000	2.314052	1.314052
0.840000	2.316367	1.316367
0.841000	2.318685	1.318684
0.842000	2.321004	1.321004
0.843000	2.323327	1.323326
0.844000	2.325651	1.325651
0.845000	2.327978	1.327978
0.846000	2.330307	1.330307
0.847000	2.332638	1.332638
0.848000	2.334972	1.334972
0.849000	2.337308	1.337308
0.850000	2.339647	1.339647
0.851000	2.341988	1.341988
0.852000	2.344331	1.344331
0.853000	2.346676	1.346676
0.854000	2.349024	1.349024
0.855000	2.351374	1.351374
0.856000	2.353727	1.353727
0.857000	2.356082	1.356082
0.858000	2.358439	1.358439
0.859000	2.360799	1.360799
0.860000	2.363161	1.363161
0.861000	2.365525	1.365525
0.862000	2.367892	1.367892
0.863000	2.370261	1.370261
0.864000	2.372632	1.372632
0.865000	2.375006	1.375006
0.866000	2.377382	1.377382
0.867000	2.379761	1.379761
0.868000	2.382142	1.382142
0.869000	2.384525	1.384525
0.870000	2.386911	1.386911
0.871000	2.389299	1.389299
0.872000	2.391689	1.391689
0.873000	2.394082	1.394082
0.874000	2.396478	1.396478
0.875000	2.398875	1.398875
0.876000	2.401275	1.401275
0.877000	2.403678	1.403678
0.878000	2.406083	1.406083
0.879000	2.408490	1.408490
0.880000	2.410900	1.410900
0.881000	2.413312	1.413312
0.882000	2.415726	1.415726
0.883000	2.418143	1.418143
0.884000	2.420563	1.420563
0.885000	2.422984	1.422984
0.886000	2.425409	1.425409
0.887000	2.427835	1.427835
0.888000	2.430264	1.430264
0.889000	2.432696	1.432696
0.890000	2.435130	1.435130
0.891000	2.437566	1.437566
0.892000	2.440005	1.440005
0.893000	2.442446	1.442446
0.894000	2.444890	1.444890
0.895000	2.447336	1.447336
0.896000	2.449784	1.449784
0.897000	2.452235	1.452235
0.898000	2.454689	1.454689
0.899000	2.457145	1.457145
0.900000	2.459603	1.459603
0.901000	2.462064	1.462064
0.902000	2.464527	1.464527
0.903000	2.466993	1.466993
0.904000	2.469461	1.469461
0.905000	2.471932	1.471932
0.906000	2.474405	1.474405
0.907000	2.476881	1.476881
0.908000	2.479359	1.479359
0.909000	2.481839	1.481839
0.910000	2.484323	1.484322
0.911000	2.486808	1.486808
0.912000	2.489296	1.489296
0.913000	2.491787	1.491787
0.914000	2.494280	1.494280
0.915000	2.496775	1.496775
0.916000	2.499273	1.499273
0.917000	2.501774	1.501774
0.918000	2.504277	1.504277
0.919000	2.506782	1.506782
0.920000	2.509290	1.509290
0.921000	2.511801	1.511801
0.922000	2.514314	1.514314
0.923000	2.516830	1.516830
0.924000	2.519348	1.519348
0.925000	2.521868	1.521868
0.926000	2.524391	1.524391
0.927000	2.526917	1.526917
0.928000	2.529445	1.529445
0.929000	2.531976	1.531976
0.930000	2.534509	1.534509
0.931000	2.537045	1.537045
0.932000	2.539583	1.539583
0.933000	2.542124	1.542124
0.934000	2.544668	1.544667
0.935000	2.547213	1.547213
0.936000	2.549762	1.549762
0.937000	2.552313	1.552313
0.938000	2.554867	1.554867
0.939000	2.557423	1.557423
0.940000	2.559981	1.559981
0.941000	2.562543	1.562543
0.942000	2.565107	1.565106
0.943000	2.567673	1.567673
0.944000	2.570242	1.570242
0.945000	2.572813	1.572813
0.946000	2.575387	1.575387
0.947000	2.577964	1.577964
0.948000	2.580543	1.580543
0.949000	2.583125	1.583125
0.950000	2.585710	1.585710
0.951000	2.588297	1.588297
0.952000	2.590886	1.590886
0.953000	2.593478	1.593478
0.954000	2.596073	1.596073
0.955000	2.598671	1.598671
0.956000	2.601271	1.601270
0.957000	2.603873	1.603873
0.958000	2.606478	1.606478
0.959000	2.609086	1.609086
0.960000	2.611696	1.611696
0.961000	2.614309	1.614309
0.962000	2.616925	1.616925
0.963000	2.619543	1.619543
0.964000	2.622164	1.622164
0.965000	2.624788	1.624788
0.966000	2.627414	1.627414
0.967000	2.630042	1.630042
0.968000	2.632674	1.632674
0.969000	2.635308	1.635308
0.970000	2.637944	1.637944
0.971000	2.640584	1.640584
0.972000	2.643226	1.643226
0.973000	2.645870	1.645870
0.974000	2.648517	1.648517
0.975000	2.651167	1.651167
0.976000	2.653820	1.653820
0.977000	2.656475	1.656475
0.978000	2.659133	1.659133
0.979000	2.661793	1.661793
0.980000	2.664456	1.664456
0.981000	2.667122	1.667122
0.982000	2.669790	1.669790
0.983000	2.672462	1.672462
0.984000	2.675135	1.675135
0.985000	2.677812	1.677812
0.986000	2.680491	1.680491
0.987000	2.683173	1.683173
0.988000	2.685857	1.685857
0.989000	2.688545	1.688545
0.990000	2.691234	1.691234
0.991000	2.693927	1.693927
0.992000	2.696622	1.696622
0.993000	2.699320	1.699320
0.994000	2.702021	1.702021
0.995000	2.704724	1.704724
0.996000	2.707430	1.707430
0.997000	2.710139	1.710139
0.998000	2.712851	1.712851
0.999000	2.715565	1.715565
1.000000	2.718282	1.718282
1.001000	2.721001	1.721001
1.002000	2.723724	1.723724
1.003000	2.726449	1.726449
1.004000	2.729177	1.729177
1.005000	2.731907	1.731907
1.006000	2.734641	1.734640
1.007000	2.737377	1.737376
1.008000	2.740115	1.740115
1.009000	2.742857	1.742857
1.010000	2.745601	1.745601
1.011000	2.748348	1.748348
1.012000	2.751098	1.751098
1.013000	2.753850	1.753850
1.014000	2.756605	1.756605
1.015000	2.759363	1.759363
1.016000	2.762124	1.762124
1.017000	2.764888	1.764888
1.018000	2.767654	1.767654
1.019000	2.770423	1.770423
1.020000	2.773195	1.773195
1.021000	2.775969	1.775969
1.022000	2.778747	1.778747
1.023000	2.781527	1.781527
1.024000	2.784310	1.784310
1.025000	2.787095	1.787095
1.026000	2.789884	1.789884
1.027000	2.792675	1.792675
1.028000	2.795469	1.795469
1.029000	2.798266	1.798266
1.030000	2.801066	1.801066
1.031000	2.803868	1.803868
1.032000	2.806674	1.806673
1.033000	2.809482	1.809482
1.034000	2.812293	1.812292
1.035000	2.815106	1.815106
1.036000	2.817923	1.817923
1.037000	2.820742	1.820742
1.038000	2.823564	1.823564
1.039000	2.826389	1.826389
1.040000	2.829217	1.829217
1.041000	2.832048	1.832048
1.042000	2.834881	1.834881
1.043000	2.837717	1.837717
1.044000	2.840557	1.840556
1.045000	2.843399	1.843398
1.046000	2.846243	1.846243
1.047000	2.849091	1.849091
1.048000	2.851942	1.851941
1.049000	2.854795	1.854795
1.050000	2.857651	1.857651
1.051000	2.860510	1.860510
1.052000	2.863372	1.863372
1.053000	2.866237	1.866237
1.054000	2.869105	1.869105
1.055000	2.871975	1.871975
1.056000	2.874849	1.874848
1.057000	2.877725	1.877725
1.058000	2.880604	1.880604
1.059000	2.883486	1.883486
1.060000	2.886371	1.886371
1.061000	2.889259	1.889259
1.062000	2.892150	1.892149
1.063000	2.895043	1.895043
1.064000	2.897940	1.897940
1.065000	2.900839	1.900839
1.066000	2.903741	1.903741
1.067000	2.906646	1.906646
1.068000	2.909555	1.909554
1.069000	2.912466	1.912465
1.070000	2.915379	1.915379
1.071000	2.918296	1.918296
1.072000	2.921216	1.921216
1.073000	2.924139	1.924139
1.074000	2.927064	1.927064
1.075000	2.929993	1.929993
1.076000	2.932924	1.932924
1.077000	2.935859	1.935859
1.078000	2.938796	1.938796
1.079000	2.941736	1.941736
1.080000	2.944680	1.944679
1.081000	2.947626	1.947626
1.082000	2.950575	1.950575
1.083000	2.953527	1.953527
1.084000	2.956482	1.956482
1.085000	2.959440	1.959440
1.086000	2.962401	1.962401
1.087000	2.965365	1.965365
1.088000	2.968331	1.968331
1.089000	2.971301	1.971301
1.090000	2.974274	1.974274
1.091000	2.977250	1.977250
1.092000	2.980229	1.980228
1.093000	2.983210	1.983210
1.094000	2.986195	1.986195
1.095000	2.989183	1.989183
1.096000	2.992173	1.992173
1.097000	2.995167	1.995167
1.098000	2.998164	1.998164
1.099000	3.001163	2.001163
1.100000	3.004166	2.004166
1.101000	3.007172	2.007172
1.102000	3.010180	2.010180
1.103000	3.013192	2.013192
1.104000	3.016207	2.016207
1.105000	3.019224	2.019224
1.106000	3.022245	2.022245
1.107000	3.025269	2.025269
1.108000	3.028296	2.028296
1.109000	3.031326	2.031325
1.110000	3.034358	2.034358
1.111000	3.037394	2.037394
1.112000	3.040433	2.040433
1.113000	3.043475	2.043475
1.114000	3.046520	2.046520
1.115000	3.049568	2.049568
1.116000	3.052619	2.052619
1.117000	3.055673	2.055673
1.118000	3.058731	2.058731
1.119000	3.061791	2.061791
1.120000	3.064854	2.064854
1.121000	3.067921	2.067921
1.122000	3.070990	2.070990
1.123000	3.074063	2.074062
1.124000	3.077138	2.077138
1.125000	3.080217	2.080217
1.126000	3.083299	2.083299
1.127000	3.086383	2.086383
1.128000	3.089471	2.089471
1.129000	3.092562	2.092562
1.130000	3.095657	2.095656
1.131000	3.098754	2.098754
1.132000	3.101854	2.101854
1.133000	3.104957	2.104957
1.134000	3.108064	2.108064
1.135000	3.111174	2.111173
1.136000	3.114286	2.114286
1.137000	3.117402	2.117402
1.138000	3.120521	2.120521
1.139000	3.123643	2.123643
1.140000	3.126768	2.126768
1.141000	3.129897	2.129897
1.142000	3.133028	2.133028
1.143000	3.136163	2.136163
1.144000	3.139300	2.139300
1.145000	3.142441	2.142441
1.146000	3.145585	2.145585
1.147000	3.148733	2.148732
1.148000	3.151883	2.151883
1.149000	3.155036	2.155036
1.150000	3.158193	2.158193
1.151000	3.161353	2.161353
1.152000	3.164516	2.164516
1.153000	3.167682	2.167682
1.154000	3.170851	2.170851
1.155000	3.174023	2.174023
1.156000	3.177199	2.177199
1.157000	3.180378	2.180378
1.158000	3.183560	2.183560
1.159000	3.186745	2.186745
1.160000	3.189933	2.189933
1.161000	3.193125	2.193125
1.162000	3.196320	2.196319
1.163000	3.199517	2.199517
1.164000	3.202719	2.202718
1.165000	3.205923	2.205923
1.166000	3.209130	2.209130
1.167000	3.212341	2.212341
1.168000	3.215555	2.215555
1.169000	3.218772	2.218772
1.170000	3.221993	2.221993
1.171000	3.225216	2.225216
1.172000	3.228443	2.228443
1.173000	3.231673	2.231673
1.174000	3.234906	2.234906
1.175000	3.238143	2.238143
1.176000	3.241383	2.241383
1.177000	3.244626	2.244626
1.178000	3.247872	2.247872
1.179000	3.251121	2.251121
1.180000	3.254374	2.254374
1.181000	3.257630	2.257630
1.182000	3.260889	2.260889
1.183000	3.264152	2.264152
1.184000	3.267418	2.267418
1.185000	3.270687	2.270687
1.186000	3.273959	2.273959
1.187000	3.277235	2.277235
1.188000	3.280514	2.280514
1.189000	3.283796	2.283796
1.190000	3.287081	2.287081
1.191000	3.290370	2.290370
1.192000	3.293662	2.293662
1.193000	3.296957	2.296957
1.194000	3.300256	2.300256
1.195000	3.303558	2.303558
1.196000	3.306863	2.306863
1.197000	3.310171	2.310171
1.198000	3.313483	2.313483
1.199000	3.316798	2.316798
1.200000	3.320117	2.320117
1.201000	3.323439	2.323439
1.202000	3.326764	2.326764
1.203000	3.330092	2.330092
1.204000	3.333424	2.333424
1.205000	3.336759	2.336759
1.206000	3.340098	2.340097
1.207000	3.343439	2.343439
1.208000	3.346784	2.346784
1.209000	3.350133	2.350133
1.210000	3.353485	2.353485
1.211000	3.356840	2.356840
1.212000	3.360198	2.360198
1.213000	3.363560	2.363560
1.214000	3.366925	2.366925
1.215000	3.370294	2.370294
1.216000	3.373666	2.373666
1.217000	3.377041	2.377041
1.218000	3.380420	2.380420
1.219000	3.383802	2.383802
1.220000	3.387188	2.387188
1.221000	3.390577	2.390577
1.222000	3.393969	2.393969
1.223000	3.397365	2.397364
1.224000	3.400764	2.400764
1.225000	3.404166	2.404166
1.226000	3.407572	2.407572
1.227000	3.410981	2.410981
1.228000	3.414394	2.414394
1.229000	3.417810	2.417810
1.230000	3.421230	2.421229
1.231000	3.424652	2.424652
1.232000	3.428079	2.428079
1.233000	3.431509	2.431509
1.234000	3.434942	2.434942
1.235000	3.438379	2.438378
1.236000	3.441819	2.441819
1.237000	3.445262	2.445262
1.238000	3.448709	2.448709
1.239000	3.452160	2.452159
1.240000	3.455613	2.455613
1.241000	3.459071	2.459071
1.242000	3.462532	2.462532
1.243000	3.465996	2.465996
1.244000	3.469464	2.469463
1.245000	3.472935	2.472935
1.246000	3.476409	2.476409
1.247000	3.479888	2.479888
1.248000	3.483369	2.483369
1.249000	3.486854	2.486854
1.250000	3.490343	2.490343
1.251000	3.493835	2.493835
1.252000	3.497331	2.497331
1.253000	3.500830	2.500830
1.254000	3.504332	2.504332
1.255000	3.507838	2.507838
1.256000	3.511348	2.511348
1.257000	3.514861	2.514861
1.258000	3.518378	2.518378
1.259000	3.521898	2.521898
1.260000	3.525421	2.525421
1.261000	3.528949	2.528949
1.262000	3.532479	2.532479
1.263000	3.536014	2.536014
1.264000	3.539551	2.539551
1.265000	3.543093	2.543093
1.266000	3.546638	2.546637
1.267000	3.550186	2.550186
1.268000	3.553738	2.553738
1.269000	3.557293	2.557293
1.270000	3.560853	2.560852
1.271000	3.564415	2.564415
1.272000	3.567981	2.567981
1.273000	3.571551	2.571551
1.274000	3.575124	2.575124
1.275000	3.578701	2.578701
1.276000	3.582282	2.582282
1.277000	3.585866	2.585866
1.278000	3.589454	2.589454
1.279000	3.593045	2.593045
1.280000	3.596640	2.596640
1.281000	3.600238	2.600238
1.282000	3.603840	2.603840
1.283000	3.607446	2.607446
1.284000	3.611055	2.611055
1.285000	3.614668	2.614668
1.286000	3.618284	2.618284
1.287000	3.621905	2.621904
1.288000	3.625528	2.625528
1.289000	3.629156	2.629155
1.290000	3.632787	2.632786
1.291000	3.636421	2.636421
1.292000	3.640059	2.640059
1.293000	3.643701	2.643701
1.294000	3.647347	2.647347
1.295000	3.650996	2.650996
1.296000	3.654649	2.654649
1.297000	3.658305	2.658305
1.298000	3.661965	2.661965
1.299000	3.665629	2.665629
1.300000	3.669297	2.669297
1.301000	3.672968	2.672968
1.302000	3.676643	2.676642
1.303000	3.680321	2.680321
1.304000	3.684003	2.684003
1.305000	3.687689	2.687689
1.306000	3.691379	2.691379
1.307000	3.695072	2.695072
1.308000	3.698769	2.698769
1.309000	3.702469	2.702469
1.310000	3.706174	2.706174
1.311000	3.709882	2.709882
1.312000	3.713593	2.713593
1.313000	3.717309	2.717309
1.314000	3.721028	2.721028
1.315000	3.724751	2.724751
1.316000	3.728478	2.728477
1.317000	3.732208	2.732208
1.318000	3.735942	2.735942
1.319000	3.739680	2.739680
1.320000	3.743421	2.743421
1.321000	3.747167	2.747167
1.322000	3.750916	2.750916
1.323000	3.754669	2.754668
1.324000	3.758425	2.758425
1.325000	3.762185	2.762185
1.326000	3.765949	2.765949
1.327000	3.769717	2.769717
1.328000	3.773489	2.773489
1.329000	3.777264	2.777264
1.330000	3.781043	2.781043
1.331000	3.784826	2.784826
1.332000	3.788613	2.788613
1.333000	3.792404	2.792403
1.334000	3.796198	2.796198
1.335000	3.799996	2.799996
1.336000	3.803798	2.803798
1.337000	3.807604	2.807603
1.338000	3.811413	2.811413
1.339000	3.815226	2.815226
1.340000	3.819044	2.819043
1.341000	3.822864	2.822864
1.342000	3.826689	2.826689
1.343000	3.830518	2.830518
1.344000	3.834350	2.834350
1.345000	3.838187	2.838186
1.346000	3.842027	2.842027
1.347000	3.845871	2.845870
1.348000	3.849718	2.849718
1.349000	3.853570	2.853570
1.350000	3.857426	2.857425
1.351000	3.861285	2.861285
1.352000	3.865148	2.865148
1.353000	3.869015	2.869015
1.354000	3.872886	2.872886
1.355000	3.876761	2.876761
1.356000	3.880640	2.880640
1.357000	3.884522	2.884522
1.358000	3.888409	2.888409
1.359000	3.892299	2.892299
1.360000	3.896193	2.896193
1.361000	3.900091	2.900091
1.362000	3.903993	2.903993
1.363000	3.907899	2.907899
1.364000	3.911809	2.911809
1.365000	3.915723	2.915723
1.366000	3.919641	2.919641
1.367000	3.923562	2.923562
1.368000	3.927488	2.927488
1.369000	3.931417	2.931417
1.370000	3.935351	2.935351
1.371000	3.939288	2.939288
1.372000	3.943229	2.943229
1.373000	3.947174	2.947174
1.374000	3.951124	2.951124
1.375000	3.955077	2.955077
1.376000	3.959034	2.959034
1.377000	3.962995	2.962995
1.378000	3.966960	2.966960
1.379000	3.970929	2.970929
1.380000	3.974902	2.974902
1.381000	3.978879	2.978878
1.382000	3.982859	2.982859
1.383000	3.986844	2.986844
1.384000	3.990833	2.990833
1.385000	3.994826	2.994826
1.386000	3.998823	2.998823
1.387000	4.002824	3.002823
1.388000	4.006828	3.006828
1.389000	4.010837	3.010837
1.390000	4.014850	3.014850
1.391000	4.018867	3.018867
1.392000	4.022888	3.022888
1.393000	4.026913	3.026913
1.394000	4.030942	3.030941
1.395000	4.034975	3.034974
1.396000	4.039012	3.039011
1.397000	4.043053	3.043052
1.398000	4.047098	3.047098
1.399000	4.051147	3.051147
1.400000	4.055200	3.055200
1.401000	4.059257	3.059257
1.402000	4.063318	3.063318
1.403000	4.067384	3.067384
1.404000	4.071453	3.071453
1.405000	4.075527	3.075527
1.406000	4.079604	3.079604
1.407000	4.083686	3.083686
1.408000	4.087772	3.087772
1.409000	4.091861	3.091861
1.410000	4.095955	3.095955
1.411000	4.100053	3.100053
1.412000	4.104156	3.104155
1.413000	4.108262	3.108262
1.414000	4.112372	3.112372
1.415000	4.116486	3.116486
1.416000	4.120605	3.120605
1.417000	4.124728	3.124728
1.418000	4.128854	3.128854
1.419000	4.132985	3.132985
1.420000	4.137120	3.137120
1.421000	4.141260	3.141259
1.422000	4.145403	3.145403
1.423000	4.149550	3.149550
1.424000	4.153702	3.153702
1.425000	4.157858	3.157858
1.426000	4.162018	3.162018
1.427000	4.166182	3.166182
1.428000	4.170350	3.170350
1.429000	4.174523	3.174522
1.430000	4.178699	3.178699
1.431000	4.182880	3.182880
1.432000	4.187065	3.187065
1.433000	4.191254	3.191254
1.434000	4.195447	3.195447
1.435000	4.199645	3.199645
1.436000	4.203847	3.203847
1.437000	4.208053	3.208053
1.438000	4.212263	3.212263
1.439000	4.216477	3.216477
1.440000	4.220696	3.220696
1.441000	4.224919	3.224918
1.442000	4.229146	3.229146
1.443000	4.233377	3.233377
1.444000	4.237612	3.237612
1.445000	4.241852	3.241852
1.446000	4.246096	3.246096
1.447000	4.250344	3.250344
1.448000	4.254597	3.254597
1.449000	4.258854	3.258853
1.450000	4.263115	3.263114
1.451000	4.267380	3.267380
1.452000	4.271649	3.271649
1.453000	4.275923	3.275923
1.454000	4.280201	3.280201
1.455000	4.284483	3.284483
1.456000	4.288770	3.288770
1.457000	4.293061	3.293061
1.458000	4.297356	3.297356
1.459000	4.301656	3.301656
1.460000	4.305960	3.305959
1.461000	4.310268	3.310268
1.462000	4.314580	3.314580
1.463000	4.318897	3.318897
1.464000	4.323218	3.323218
1.465000	4.327543	3.327543
1.466000	4.331873	3.331873
1.467000	4.336207	3.336207
1.468000	4.340545	3.340545
1.469000	4.344888	3.344888
1.470000	4.349235	3.349235
1.471000	4.353587	3.353586
1.472000	4.357942	3.357942
1.473000	4.362302	3.362302
1.474000	4.366667	3.366667
1.475000	4.371036	3.371036
1.476000	4.375409	3.375409
1.477000	4.379787	3.379786
1.478000	4.384169	3.384168
1.479000	4.388555	3.388555
1.480000	4.392946	3.392946
1.481000	4.397341	3.397341
1.482000	4.401740	3.401740
1.483000	4.406144	3.406144
1.484000	4.410553	3.410553
1.485000	4.414965	3.414965
1.486000	4.419383	3.419382
1.487000	4.423804	3.423804
1.488000	4.428230	3.428230
1.489000	4.432661	3.432660
1.490000	4.437096	3.437095
1.491000	4.441535	3.441535
1.492000	4.445979	3.445978
1.493000	4.450427	3.450427
1.494000	4.454879	3.454879
1.495000	4.459337	3.459336
1.496000	4.463798	3.463798
1.497000	4.468264	3.468264
1.498000	4.472735	3.472735
1.499000	4.477210	3.477209
1.500000	4.481689	3.481689
1.501000	4.486173	3.486173
1.502000	4.490661	3.490661
1.503000	4.495154	3.495154
1.504000	4.499652	3.499652
1.505000	4.504154	3.504153
1.506000	4.508660	3.508660
1.507000	4.513171	3.513171
1.508000	4.517686	3.517686
1.509000	4.522206	3.522206
1.510000	4.526731	3.526731
1.511000	4.531260	3.531260
1.512000	4.535793	3.535793
1.513000	4.540331	3.540331
1.514000	4.544874	3.544874
1.515000	4.549421	3.549421
1.516000	4.553973	3.553973
1.517000	4.558529	3.558529
1.518000	4.563090	3.563090
1.519000	4.567655	3.567655
1.520000	4.572225	3.572225
1.521000	4.576800	3.576800
1.522000	4.581379	3.581379
1.523000	4.585962	3.585962
1.524000	4.590551	3.590551
1.525000	4.595144	3.595143
1.526000	4.599741	3.599741
1.527000	4.604343	3.604343
1.528000	4.608950	3.608950
1.529000	4.613561	3.613561
1.530000	4.618177	3.618177
1.531000	4.622797	3.622797
1.532000	4.627422	3.627422
1.533000	4.632052	3.632052
1.534000	4.636687	3.636686
1.535000	4.641326	3.641325
1.536000	4.645969	3.645969
1.537000	4.650617	3.650617
1.538000	4.655270	3.655270
1.539000	4.659928	3.659928
1.540000	4.664590	3.664590
1.541000	4.669257	3.669257
1.542000	4.673929	3.673929
1.543000	4.678605	3.678605
1.544000	4.683286	3.683286
1.545000	4.687972	3.687971
1.546000	4.692662	3.692662
1.547000	4.697357	3.697357
1.548000	4.702057	3.702057
1.549000	4.706761	3.706761
1.550000	4.711470	3.711470
1.551000	4.716184	3.716184
1.552000	4.720903	3.720902
1.553000	4.725626	3.725626
1.554000	4.730354	3.730354
1.555000	4.735087	3.735086
1.556000	4.739824	3.739824
1.557000	4.744566	3.744566
1.558000	4.749313	3.749313
1.559000	4.754065	3.754065
1.560000	4.758821	3.758821
1.561000	4.763582	3.763582
1.562000	4.768348	3.768348
1.563000	4.773119	3.773119
1.564000	4.777895	3.777894
1.565000	4.782675	3.782675
1.566000	4.787460	3.787460
1.567000	4.792250	3.792250
1.568000	4.797045	3.797044
1.569000	4.801844	3.801844
1.570000	4.806648	3.806648
